ai_chat/amenhotep.py: [98, 121, 125, 184, 185, 240, 241, 242, 243, 244, 249, 260, 275, 286, 287, 288, 293, 294, 295, 308, 316, 341, 392, 393, 396, 398, 399, 401, 402, 403, 404, 406, 407, 408, 410, 423, 426, 429, 430, 431, 435, 438, 439, 441, 453, 454, 455, 457, 458, 459, 460, 462, 464, 471, 474, 475, 476, 478, 482, 484, 495, 496, 513, 514, 516, 517, 518, 519, 520, 521, 522, 523, 529, 540, 573, 588, 589, 590, 592, 595, 601, 613, 618, 619, 620, 622, 623, 624, 625, 626, 627, 628, 630, 631, 632, 633, 635, 636, 637, 638, 639, 640, 641]
analytics.py: [279, 298, 326, 328, 338, 339, 342, 345, 347, 348, 349, 350, 351, 352, 353, 356, 357, 358, 359, 360, 362, 363, 364, 371, 372, 373, 374, 375, 376, 377, 383, 384, 385]
celery_worker.py: [74, 89, 90, 91, 92, 93, 94, 231, 232, 233, 234, 235, 236, 241, 242, 245, 246, 247, 248, 249, 250, 252, 343, 344, 349, 354, 355, 368]
core/app_factory.py: [157, 158, 159, 160, 161, 165, 166, 167, 168, 169, 208, 209, 211, 212, 215, 218, 219, 220, 221, 222, 234, 240, 241, 271, 273, 276, 277, 285, 286, 287, 288, 300, 302, 303, 333, 334, 335, 336, 337, 338]
core/cache/redis_cache.py: [147, 150, 151, 170, 171, 176, 183, 184, 189, 200, 201, 202, 206, 207, 208, 209, 210, 211, 212, 217, 220, 221, 222, 256, 257, 265, 266, 272, 274, 279, 280, 288, 289, 301, 306, 321, 322, 329, 330, 335, 336]
core/config/settings.py: [235, 236, 249, 256, 257, 258, 266, 270, 286, 339, 354, 402, 407, 408, 410, 411, 412, 413, 414, 417, 418, 419, 420, 421, 428, 429, 430, 431, 437, 440, 455, 456, 457, 461, 462, 467, 471, 475, 478, 482, 486, 487, 488, 489, 499, 500, 505, 506, 507, 509, 510, 520, 521, 528, 529, 530, 531, 533, 534, 535, 536, 537, 541, 543, 544, 545, 549, 550, 551, 555, 560, 561, 566, 589, 592, 610, 611, 613, 617, 619, 623, 646, 647]
core/database/__init__.py: [43, 60, 101, 103]
core/database/query_helpers.py: [15, 16, 17, 22, 23, 24, 48, 50, 60, 62, 115, 144, 145, 146, 148, 149]
core/database/session.py: [53, 54, 57, 58, 60]
core/exceptions.py: [76, 86, 96, 107, 108, 109, 111, 123, 139, 150, 178, 179, 180, 182, 194, 209, 210, 211, 213, 225, 226, 227, 229, 232, 239, 240, 241, 243, 246, 256, 257, 258, 260, 282, 294, 305, 318, 330, 347, 352, 359]
core/monitoring.py: [25, 26, 70, 71, 79, 80, 88, 89]
core/telemetry.py: [17, 18, 19, 20, 21, 22, 23, 24]
crypto.py: [37, 38, 44, 45, 46, 47, 48, 49, 99, 100, 101, 108, 115, 122, 129]
modules/notifications/batching.py: [63, 98, 161, 162, 163, 164, 165, 166, 167, 168, 170, 171, 172, 173, 174, 175, 176, 177, 178, 179, 183, 211, 212, 217, 222, 223, 224, 225, 226, 227]
modules/notifications/service.py: [68, 69, 159, 160, 169, 173, 176, 200, 201, 202, 210, 235, 236, 244, 248, 249, 255, 256, 264, 265, 266, 267, 268, 280, 281, 282, 283, 326, 327, 330, 334, 335, 336, 341, 358, 360, 440, 450, 453, 524, 531, 534, 554, 555, 556, 557, 558, 559, 565, 566, 567, 568, 578, 579, 584, 640, 658, 660, 677, 689, 693, 696, 697, 698, 702, 719, 734, 757, 787, 788, 806, 807, 845, 847, 861, 862, 863, 864, 865, 892, 909, 910, 913, 914, 915, 916, 917, 918, 925, 926, 927, 933, 934, 942, 943, 946, 947, 961, 962, 963, 967, 975, 976, 996, 997, 998, 1002, 1010, 1015, 1088, 1089, 1090, 1091]
oauth2.py: [82, 83, 84, 94, 104, 105, 138, 158, 159, 160, 196, 199, 200, 202, 203, 204, 209, 224, 230, 245, 246, 247]
routers/admin_dashboard.py: [143, 144, 177, 178, 205, 210, 211, 267, 268, 295, 296, 317, 318, 339, 340, 360, 361, 395, 396, 416, 429, 430, 457, 458, 490, 491]
routers/amenhotep.py: [76, 78, 79, 82, 85, 88, 89, 91, 92, 94, 95, 96, 97, 100, 101, 102, 103, 106, 107, 110, 111, 112, 115, 116, 118, 119, 120, 121, 122, 123, 124, 126, 127, 128, 129, 132, 133, 134, 189, 200, 201, 202, 219, 229, 230, 231, 233, 234, 235, 237, 240, 241, 242, 243, 244, 247, 248]
routers/block.py: [65, 142, 219, 230, 244, 253, 277, 282, 290, 296, 327, 374, 401, 409]
routers/business.py: [27, 55, 84, 90, 113, 129, 144, 159, 164, 165, 170, 171, 172, 173, 174, 181]
routers/call.py: [154, 155, 156, 158, 159, 160, 161, 162, 164, 170, 171, 174, 175, 178, 180, 182, 183, 184, 185, 187, 192, 202, 203, 204, 205, 206, 207, 208, 217, 218, 219, 220, 222, 223, 224, 225, 274]
routers/call_signaling.py: [74, 93, 109, 111, 112, 136, 141, 158, 159, 165, 171, 173, 190, 207, 215, 226]
routers/category_management.py: [74, 78, 109, 113, 131, 132]
routers/collaboration.py: [55, 62, 84, 106, 138]
routers/comment.py: [118, 147, 235, 274, 294, 314, 337]
routers/community.py: [117, 118, 154, 160, 161, 163, 198, 204, 205, 206, 208, 224, 231, 245, 253, 254, 256, 269, 276, 277, 279, 301, 309, 325, 332, 333, 335, 396, 403, 437, 442, 458, 463, 480, 487, 498, 504, 520, 527, 529]
routers/hashtag.py: [50, 51, 80, 108, 112, 135, 143, 162, 170, 171, 175, 198, 199, 200, 203, 209, 215, 216, 234, 240, 246, 247, 248]
routers/message.py: [60, 128, 147, 152, 163, 178, 195, 211, 225, 241, 308, 316, 330, 361, 379, 399, 466, 478, 479, 481, 482, 483, 485, 487, 489, 490, 491]
routers/notifications.py: [94, 95, 155, 157, 185, 186, 190, 192, 204, 205, 209, 211, 222, 223, 225, 227, 239, 240, 252, 253, 270, 271, 273, 274, 283, 295, 296, 300, 302, 314, 315, 317, 319, 335, 336, 355, 356, 370, 371, 388, 389, 405, 406, 421, 422, 438, 439, 449, 450, 460, 461, 475, 476, 490, 491, 504, 505, 507, 508, 520, 521, 523, 524, 536, 537, 539, 540]
routers/oauth.py: [17, 29, 30, 31, 32, 71, 72, 97, 98, 107, 108, 109, 113, 114, 115, 116, 127, 128]
routers/p2fa.py: [41, 42, 43, 68, 88, 89, 90, 91, 92, 93, 114, 124, 125, 126, 127, 128, 129, 151, 163, 164, 165]
routers/post.py: [102, 106, 107, 108, 111, 112, 113, 114, 118, 119, 120, 121, 132, 136, 137, 138, 139, 140, 141, 145, 146, 147, 148, 156, 160, 161, 162, 163, 165, 166, 168, 169, 170, 173, 174, 175, 176, 177, 181, 186, 190, 205, 206, 207, 208, 209, 233, 285, 297, 302, 316, 379, 386, 395, 409, 429, 443, 457, 469, 482, 495, 515, 531, 543, 563, 586, 603, 623, 637, 649]
routers/reaction.py: [57, 60, 65, 74, 76, 79, 80, 97, 99, 100, 101, 104, 105, 106, 107, 123, 131, 132, 149, 158, 173, 182]
routers/screen_share.py: [55, 187, 190, 240, 241, 242, 243, 244, 245, 247, 248, 250, 255, 258, 260, 269, 270, 271, 272]
routers/search.py: [108, 111, 112, 184, 186, 188, 195, 197, 219, 220, 226, 227, 247, 248, 266, 267, 289, 306, 318, 324, 325, 347, 354, 357, 358, 365, 369, 372, 374]
routers/social_auth.py: [107, 108, 109, 110, 127, 128, 147, 148, 149, 151, 156, 157, 160, 161, 162, 164, 165, 222, 224, 225, 226, 227, 236, 238, 239, 240, 241, 251, 254, 255, 256, 257, 280, 289, 290, 292, 293, 294]
routers/statistics.py: [52, 54, 67, 80, 83, 86, 90, 146, 152, 168, 169, 171, 178, 192, 193, 195, 205, 222, 236, 258, 267, 285]
routers/sticker.py: [117, 123, 154, 159, 160, 161, 177, 182, 188, 206, 207, 209, 214, 215, 217, 218, 219, 241, 242, 246, 253, 254, 258, 259, 260, 261, 262, 320, 321, 325, 326, 332, 333, 339, 344, 363, 378, 386]
routers/user.py: [80, 89, 113, 123, 140, 143, 144, 145, 179, 189, 190, 193, 195, 205, 215, 216, 218, 242, 253, 275, 285, 288, 290, 300, 309, 319, 328, 338, 347, 357, 367, 377, 386, 396, 406, 416, 427, 439, 449, 458, 468, 474]
routers/vote.py: [53, 60, 69, 81]
services/business/service.py: [85, 87, 94, 123, 139, 140, 145, 153, 157, 158]
services/comments/service.py: [41, 70, 105, 106, 129, 132, 133, 160, 198, 233, 234, 235, 239, 242, 247, 257, 258, 259, 262, 263, 264, 270, 277, 315, 354, 375, 384, 390, 408, 423, 439, 451, 456, 461, 481, 482, 483, 492]
services/community/service.py: [103, 108, 109, 112, 115, 116, 124, 208, 210, 211, 218, 219, 221, 222, 223, 224, 226, 228, 232, 234, 235, 238, 242, 247, 261, 262, 266, 269, 272, 286, 293, 314, 333, 352, 357, 358, 362, 363, 368, 369, 373, 374, 375, 380, 381, 382, 383, 384, 385, 427, 443, 446, 452, 489, 519, 542, 583, 586, 593, 596, 607, 613, 625, 664, 670, 681, 695, 709, 735, 738, 739, 740, 757, 768, 792, 805, 836, 839, 840, 841, 842, 843, 844, 845, 859, 865, 866, 870, 872, 880, 881, 882, 883, 887, 888, 893, 925, 954, 955, 960, 961, 962, 964, 965, 980, 1051, 1089, 1117, 1118, 1119, 1120, 1121, 1122, 1201, 1218, 1226, 1239, 1267, 1300, 1374, 1375, 1377, 1379, 1390, 1395, 1397, 1398, 1399, 1401, 1412, 1413, 1418, 1424, 1425, 1429, 1431, 1432, 1434, 1435, 1446, 1447, 1448, 1453, 1456, 1457, 1458, 1459, 1475, 1476, 1487, 1488, 1489, 1492, 1493, 1496, 1497, 1510, 1521, 1522, 1523, 1532, 1533, 1534, 1535, 1539, 1540, 1552, 1553, 1554, 1560, 1561, 1562, 1564, 1566, 1567, 1577, 1578, 1588, 1606, 1611, 1612, 1613, 1614, 1615, 1616, 1618, 1623, 1639, 1642, 1643, 1647, 1648, 1649, 1650, 1652, 1653, 1654, 1657, 1660, 1661, 1664, 1665, 1670, 1671]
services/local_economy_service.py: [18, 74, 83, 106, 143, 147, 156, 175, 179, 196, 206, 219]
services/messaging/message_service.py: [70, 91, 99, 100, 194, 213, 214, 218, 224, 225, 227, 244, 245, 257, 258, 259, 261, 270, 271, 283, 331, 343, 355, 368, 370, 431, 460, 465, 474, 497, 551, 559, 607, 609, 614, 683, 684, 688, 698, 699, 700, 702, 703, 711, 767, 779, 790, 791, 794, 917, 934, 967, 986, 987, 988, 989, 997, 998, 1005, 1006, 1007, 1016, 1017, 1018, 1026, 1027, 1030, 1031, 1034, 1035, 1036, 1037, 1085, 1093, 1101, 1109, 1123, 1131, 1136, 1137, 1138, 1139, 1140]
services/posts/post_service.py: [107, 143, 150, 155, 156, 158, 159, 160, 224, 229, 230, 236, 237, 284, 289, 290, 352, 353, 354, 360, 363, 364, 365, 367, 368, 369, 373, 377, 424, 425, 426, 430, 431, 432, 433, 436, 437, 442, 451, 522, 545, 546, 558, 581, 664, 688, 696, 701, 706, 734, 748, 753, 754, 757, 766, 767, 768, 771, 779, 787, 788, 789, 790, 795, 796, 799, 800, 801, 802, 807, 808, 818, 826, 837, 846, 853, 873, 878, 898, 923, 926, 927, 928, 929, 930, 931, 991, 992, 1003, 1009, 1029, 1064, 1078, 1086, 1097, 1101, 1154, 1197, 1285, 1293, 1309, 1310, 1311, 1315, 1328, 1340, 1342, 1355, 1356, 1357, 1358, 1373, 1380, 1381]
services/reporting.py: [33, 47, 86, 87, 90, 111, 112]
services/social/follow_service.py: [90, 91, 120, 165, 171, 179, 180, 203, 204, 205, 206, 209, 215, 216, 223, 248, 249, 250, 251, 254, 260, 261, 268, 284, 286, 295, 307, 315]
services/users/service.py: [96, 180, 186, 226, 229, 230, 231, 237, 238, 242, 250, 259, 268, 269, 283, 293, 300, 305, 312, 335, 343, 346, 347, 385, 391, 403, 411, 412, 413, 414, 415, 416, 434, 444, 460, 461, 463, 464, 465, 466, 471, 479, 480, 502, 516, 517, 522, 529, 535, 541, 558, 564, 565, 567, 576, 587, 597, 607, 608, 609, 610, 613, 614, 615, 616, 620, 621, 622, 627, 628, 629, 630, 635, 636, 637, 638, 639, 683, 691, 698, 701, 702, 759, 765, 776, 805]
